006200286005000000391186
006200286078000000040000
006200286075000000069855
006200286233000000040000
006200286144000000031746
006200286171000000050444
006200286314000000050444
006200325144000000011861
006200106078000000400000
006200106144000000000000
006200322005000000211434
006200322144000000015858
006200322171000000050440
006200322314000000050440
006200282005000000096134
006200282144000000000000
006200282133000000004100
006200282315000000004100
006200316005000000321172
006200316075000000057352
006200316144000000000000
006200266005000000645220
006200266075000000200000
006200266144000000000000
006200323144000000000000
006200327144000000012721
006200327133000000007600
006200327315000000007600
006200327171000000020000
006200327314000000020000
006200326144000000011861
006200326171000000020800
006200326314000000020800
006200314144000000000000
006200303078000000020000
006200303144000000000000
006200303171000000058800
006200303314000000058800
006200320005000000313151
006200320075000000055920
006200320144000000023486
006200320171000000050440
006200320314000000050440
006200289005000000355775
006200289078000000040000
006200289075000000063531
006200289233000000040000
006200289144000000026683
006200289171000000053300
006200289314000000053300
009300098005000000199264
009300098075000000035583
009300098144000000014945
009300070005000000160585
009300070144000000012044
009300090005000000481446
009300090075000000200000
009300090144000000036108
009300092144000000000000
009300103144000000008339
009300095005000000199919
009300095075000000035700
009300095144000000000000
009300036005000000199948
009300036078000000040000
009300036075000000035705
009300036233000000040000
009300036144000000014996
009300079005000000185785
009300079144000000000000
009300091005000000200513
009300091078000000040000
009300091075000000035806
009300091233000000040000
009300091144000000000000
009300102144000000008339
009300100005000000200891
009300100075000000035873
009300100144000000015067
009400003078000000015000
009400003233000000020000
009400003144000000007320
009400066005000000102419
009400066144000000000000
009400068005000000042820
009400068144000000008220
009400006078000000015000
009400006233000000020000
009400006144000000002838
009400055005000000105357
009400055144000000007902
009400070005000000229420
009400070075000000200000
009400070144000000015390
009400070133000000011450
009400070315000000011450
009400070171000000015390
009400070314000000015390
009400069144000000010138
009400069133000000008950
009400069315000000008950
009400069171000000013770
009400069314000000013770
009500088005000000170319
009500088144000000000000
009500056078000000030000
009500056233000000030000
009500056144000000009044
009500083144000000009025
009500084005000000325441
009500084075000000200000
009500084144000000000000
009500080144000000009025
009500059005000000212165
009500059144000000015912
009500085005000000161102
009500085144000000012083
010300185005000000210422
010300185075000000032878
010300185144000000015782
010300193005000000216130
010300193078000000040000
010300193075000000033770
010300193233000000040000
010300193144000000000000
010300200144000000009025
010300187005000000209471
010300187075000000032730
010300187144000000015710
010300199005000000371935
010300199075000000200000
010300199144000000027895
010300194005000000220468
010300194075000000034448
010300194144000000016535
010300202005000000211467
010300202075000000033042
010300202144000000015860
010300184144000000009025
010300203144000000013374
010300203133000000001700
010300203315000000001700
010400052144000000009460
010400057144000000000000
010400049005000000349348
010400049075000000200000
010400049144000000000000
010400033005000000205787
010400033075000000051447
010400033233000000030000
010400033144000000000000
010400045144000000000000
010400053005000000125782
010400053233000000030000
010400053144000000013860
010400041005000000205545
010400041075000000051386
010400041144000000000000
010500093005000000184471
010500093233000000030000
010500093144000000013835
010500093171000000063700
010500093314000000063700
010500104144000000000000
010500104133000000007860
010500104315000000007860
010500100144000000010359
010500100171000000020020
010500100314000000020020
010500061005000000408777
010500061075000000200000
010500061144000000000000
010500084005000000291748
010500084075000000052098
010500084233000000030000
010500084144000000021881
010500084171000000043940
010500084314000000043940
010500085005000000103007
010500085144000000007726
010500085171000000020020
010500085314000000020020
010500029144000000008811
010500029171000000020020
010500029314000000020020
010500095005000000278609
010500095075000000049752
010500095144000000000000
010500103005000000083142
010500103144000000008970
010500103171000000041860
010500103314000000041860
011600143005000000470996
011600143075000000200000
011600143144000000000000
011600164005000000152922
011600164144000000011469
011600148005000000179857
011600148078000000040000
011600148233000000040000
011600148144000000013489
011600148133000000004000
011600148315000000004000
011600146144000000000000
011600146133000000004000
011600146315000000004000
011600175005000000231846
011600175144000000000000
011600175133000000004000
011600175315000000004000
011600170005000000174602
011600170144000000013095
011600144005000000314500
011600144075000000042500
011600144144000000000000
011600144133000000004000
011600144315000000004000
011600169005000000188107
011600169078000000040000
011600169233000000040000
011600169144000000000000
011600169133000000004000
011600169315000000004000
012300058005000000147552
012300058078000000040000
012300058233000000030000
012300058144000000000000
012300069005000000236460
012300069075000000028837
012300069144000000017735
012300069171000000056160
012300069314000000056160
012300081144000000007134
012300081171000000024640
012300081314000000024640
012300075005000000323439
012300075075000000036754
012300075144000000024258
012300075171000000044720
012300075314000000044720
012300076144000000007134
012300076171000000022360
012300076314000000022360
012300068005000000470710
012300068075000000200000
012300068144000000000000
012300036005000000187465
012300036075000000024667
012300036144000000000000
012300070005000000204537
012300070078000000040000
012300070075000000026913
012300070233000000030000
012300070144000000015340
012300070171000000022360
012300070314000000022360
012400002005000000259441
012400002075000000040538
012400002144000000000000
012400019233000000010000
012400019144000000000000
012400049005000000185296
012400049075000000028953
012400049144000000000000
012400040005000000051755
012400040144000000000000
012400039005000000210726
012400039078000000020000
012400039075000000032926
012400039233000000020000
012400039144000000000000
012500038144000000000000
012500061144000000008677
012500061133000000014580
012500061315000000014580
012500061171000000022000
012500061314000000022000
012500060144000000008677
012500060133000000019440
012500060315000000019440
012500060171000000034040
012500060314000000034040
012500025005000000282330
012500025075000000200000
012500025144000000000000
012500054005000000127234
012500054144000000009543
012500048144000000000000
012500028005000000150357
012500028078000000040000
012500028075000000026849
012500028233000000030000
012500028144000000000000
012500055005000000173284
012500055075000000030944
012500055144000000000000
012600041005000000292227
012600041075000000045660
012600041144000000003972
012600056144000000007698
012600045005000000161279
012600045144000000003972
012600037005000000151293
012600037078000000040000
012600037233000000030000
012600037144000000003972
012600001005000000455375
012600001075000000200000
012600001144000000003972
012600028005000000181939
012600028078000000040000
012600028233000000030000
012600028144000000003972
012600055005000000136234
012600055144000000003972
012600046005000000189943
012600046144000000003972
012700070005000000223795
012700070075000000200000
012700070144000000000000
012700070256000000004100
012700070232000000004100
012700079005000000141195
012700079144000000011454
012700075078000000015000
012700075233000000030000
012700075144000000008646
012700080005000000222826
012700080078000000015000
012700080075000000034817
012700080233000000030000
012700080144000000016712
012700080256000000004100
012700080232000000004100
012700082005000000014271
012700082144000000000000
012700082256000000004100
012700082232000000004100
013900055005000000097761
013900055144000000000000
013900055133000000003720
013900055315000000003720
013900024005000000118645
013900024078000000040000
013900024233000000040000
013900024144000000000000
013900024133000000003720
013900024315000000003720
013900046144000000000000
013900054005000000127353
013900054144000000000000
013900054133000000003720
013900054315000000003720
013900041005000000119332
013900041078000000040000
013900041233000000040000
013900041144000000000000
013900041133000000003720
013900041315000000003720
013900050144000000000000
013900052005000000371384
013900052075000000200000
013900052144000000000000
013900052133000000003720
013900052315000000003720
013900051005000000189357
013900051144000000000000
013900051133000000003720
013900051315000000003720
013900028005000000290943
013900028075000000051954
013900028144000000000000
013900049144000000000000
013900049133000000003720
013900049315000000003720
013900053005000000046175
013900053144000000000000
013900053133000000003720
013900053315000000003720
014400081005000000213581
014400081078000000014000
014400081075000000033372
014400081233000000014000
014400081144000000000000
014400081133000000002350
014400081315000000002350
014400071005000000144075
014400071078000000030000
014400071233000000030000
014400071144000000000000
014400071133000000002350
014400071315000000002350
014400085144000000000000
014400035005000000275418
014400035075000000200000
014400035144000000000000
014400035133000000002350
014400035315000000002350
014400074005000000149690
014400074144000000011227
014400074133000000002350
014400074315000000002350
014400074171000000025740
014400074314000000025740
014400088005000000115091
014400088144000000010158
014400088133000000002350
014400088315000000002350
014400088171000000025740
014400088314000000025740
015400038005000000019123
015400038078000000030000
015400038233000000030000
015400038144000000000000
015400038256000000003690
015400038232000000003690
015400043144000000007440
015400045005000000239750
015400045075000000037461
015400045144000000017981
015400045256000000003690
015400045232000000003690
