006200286005000000391186
006200286078000000040000
006200286075000000069855
006200286233000000040000
006200286144000000029339
006200286171000000050444
006200286314000000050444
006200325144000000009454
006200106078000000400000
006200106144000000000000
006200322005000000211434
006200322144000000015858
006200322171000000050440
006200322314000000050440
006200282005000000096134
006200282144000000000000
006200282133000000004100
006200282315000000004100
006200316005000000321172
006200316075000000057352
006200316144000000000000
006200266005000000645220
006200266075000000200000
006200266144000000000000
006200323144000000000000
